23 0.839120 0.164120 0.191204 0.088426
16 0.334954 0.229167 0.212500 0.134259
16 0.785648 0.312500 0.164815 0.110185
21 0.758796 0.070833 0.177778 0.121296
21 0.219907 0.068056 0.138889 0.115741
18 0.679861 0.616898 0.083796 0.088426
18 0.090509 0.693056 0.085648 0.095370
19 0.221296 0.581481 0.185185 0.164815
22 0.371065 0.082407 0.073611 0.077778
15 0.542593 0.326852 0.133333 0.164815
15 0.528704 0.501852 0.146296 0.162037
20 0.785648 0.549074 0.133333 0.177778
17 0.533796 0.826157 0.202778 0.315278
