23 0.837500 0.187963 0.162037 0.084259
17 0.526620 0.820139 0.193981 0.286574
16 0.328472 0.234259 0.211574 0.144444
16 0.781250 0.306019 0.170833 0.102778
18 0.091898 0.695833 0.096759 0.100926
18 0.678009 0.610417 0.091204 0.089352
20 0.785417 0.551157 0.127315 0.150463
19 0.228009 0.578472 0.232870 0.147685
15 0.530324 0.321065 0.160648 0.158796
15 0.522917 0.499769 0.181019 0.175463
15 0.442824 0.029167 0.081019 0.057407
21 0.754630 0.088194 0.177778 0.144907
21 0.211343 0.050000 0.176389 0.099074
